0.000000 0.099854 0.000000 0.000000 0.000000 0.900146 0.000000 
0.000000 0.088623 0.017090 0.007568 0.000000 0.886719 0.000000 
0.000000 0.079590 0.029541 0.014404 0.002930 0.873535 0.000000 
0.000000 0.072510 0.038574 0.021729 0.009033 0.858154 0.000000 
0.000000 0.066895 0.042725 0.030029 0.016113 0.844238 0.000000 
0.000244 0.062500 0.044678 0.038574 0.023438 0.830566 0.000000 
0.000488 0.063965 0.041992 0.049561 0.030762 0.813232 0.000000 
0.000488 0.062744 0.043701 0.056641 0.039795 0.796631 0.000000 
0.000977 0.062012 0.046631 0.066406 0.045898 0.778076 0.000000 
0.001709 0.065430 0.047119 0.072754 0.051758 0.761230 0.000000 
0.002197 0.067139 0.045898 0.087646 0.055908 0.741211 0.000000 
0.002930 0.067871 0.044189 0.095947 0.062988 0.726074 0.000000 
0.003418 0.070312 0.047363 0.105225 0.067871 0.705811 0.000000 
0.003662 0.071289 0.049072 0.116455 0.072510 0.687012 0.000000 
0.004150 0.073730 0.048584 0.130127 0.075195 0.668213 0.000000 
0.004639 0.072266 0.050537 0.142578 0.081299 0.648682 0.000000 
0.005859 0.075928 0.050293 0.156982 0.083984 0.626953 0.000000 
0.006836 0.072998 0.051270 0.176758 0.087891 0.604248 0.000000 
0.008301 0.073730 0.055908 0.190186 0.088623 0.583252 0.000000 
0.009521 0.075684 0.056885 0.203857 0.092285 0.561768 0.000000 
0.010742 0.076904 0.057373 0.218506 0.095459 0.541016 0.000000 
0.011719 0.082275 0.051270 0.231934 0.102783 0.520020 0.000000 
0.012207 0.082764 0.055664 0.244629 0.104980 0.499756 0.000000 
0.014160 0.087158 0.052490 0.259521 0.108643 0.478027 0.000000 
0.015869 0.083496 0.057861 0.269775 0.108643 0.464355 0.000000 
0.017090 0.080322 0.062500 0.281982 0.113770 0.444336 0.000000 
0.018066 0.080566 0.061523 0.298096 0.116699 0.425049 0.000000 
0.019043 0.078857 0.060547 0.313721 0.119141 0.408691 0.000000 
0.020264 0.077393 0.059814 0.328857 0.121582 0.392090 0.000000 
0.021729 0.075195 0.059326 0.347168 0.121826 0.374756 0.000000 
0.022949 0.072021 0.057861 0.360840 0.125732 0.360596 0.000000 
0.025391 0.071533 0.057861 0.375732 0.126465 0.343018 0.000000 
0.027588 0.070801 0.055176 0.388672 0.127441 0.330322 0.000000 
0.029053 0.069336 0.055420 0.406250 0.126221 0.313721 0.000000 
0.030273 0.067871 0.055664 0.424072 0.124512 0.297607 0.000000 
0.031982 0.066895 0.052734 0.435791 0.123779 0.288818 0.000000 
0.033691 0.065430 0.052979 0.451172 0.124512 0.272217 0.000000 
0.033936 0.070557 0.045898 0.461182 0.131348 0.257080 0.000000 
0.036133 0.062744 0.049561 0.473877 0.129395 0.248291 0.000000 
0.037109 0.062256 0.045410 0.488525 0.131592 0.235107 0.000000 
0.037842 0.064209 0.047607 0.499268 0.130371 0.220703 0.000000 
0.038574 0.058594 0.050293 0.509521 0.131104 0.211914 0.000000 
0.039795 0.055420 0.049072 0.520508 0.132080 0.203125 0.000000 
0.041260 0.054932 0.045654 0.532471 0.131104 0.194580 0.000000 
0.042236 0.047852 0.041504 0.547363 0.132080 0.188965 0.000000 
0.043945 0.043457 0.037354 0.559326 0.129150 0.186768 0.000000 
0.045654 0.036377 0.038330 0.572021 0.124023 0.183594 0.000000 
0.047363 0.033203 0.035889 0.581787 0.121094 0.180664 0.000000 
0.048584 0.027588 0.030518 0.590088 0.121338 0.181885 0.000000 
0.049805 0.023438 0.026367 0.597168 0.119629 0.183594 0.000000 
0.050537 0.021729 0.021729 0.604004 0.116211 0.185791 0.000000 
0.050537 0.020508 0.019287 0.609863 0.110107 0.189697 0.000000 
0.051758 0.017822 0.017822 0.614746 0.104492 0.193359 0.000000 
0.053711 0.015381 0.013916 0.622559 0.097656 0.196777 0.000000 
0.054932 0.012695 0.012451 0.624023 0.092773 0.203125 0.000000 
0.056641 0.009766 0.013184 0.625977 0.086670 0.206055 0.001709 
0.057373 0.008301 0.011963 0.630371 0.080811 0.208740 0.002441 
0.058594 0.007324 0.010254 0.634033 0.076904 0.210449 0.002441 
0.059326 0.006348 0.008789 0.634033 0.073242 0.215332 0.002930 
0.059570 0.006104 0.007568 0.635254 0.068848 0.218994 0.003662 
0.060059 0.005615 0.007812 0.635742 0.064453 0.221924 0.004395 
0.061523 0.004395 0.007568 0.635742 0.059082 0.226807 0.004883 
0.061523 0.003906 0.004883 0.634033 0.057861 0.232910 0.004883 
0.061768 0.004395 0.003906 0.632812 0.054932 0.236816 0.005371 
0.062744 0.002441 0.004639 0.632568 0.050781 0.241455 0.005371 
0.062744 0.002197 0.003662 0.633301 0.047607 0.244629 0.005859 
0.063477 0.001465 0.003662 0.634766 0.042969 0.247803 0.005859 
0.063721 0.001221 0.003418 0.633057 0.039795 0.252197 0.006592 
0.063965 0.001465 0.001465 0.631592 0.038330 0.255859 0.007324 
0.064453 0.000977 0.001953 0.630127 0.033691 0.261230 0.007568 
0.064453 0.001221 0.002197 0.628174 0.031494 0.264404 0.008057 
0.065186 0.000977 0.001953 0.626465 0.028564 0.268311 0.008545 
0.065674 0.000244 0.001953 0.623779 0.026367 0.273193 0.008789 
0.065918 0.000244 0.001221 0.619629 0.025391 0.277588 0.010010 
0.066406 0.000244 0.000977 0.616943 0.022461 0.282471 0.010498 
0.066650 0.000000 0.000732 0.616211 0.019775 0.285400 0.011230 
0.066650 0.000244 0.000488 0.609619 0.018799 0.292725 0.011475 
0.066895 0.000000 0.000488 0.606201 0.017334 0.297119 0.011963 
0.066895 0.000244 0.000244 0.601562 0.016846 0.300537 0.013672 
0.067139 0.000488 0.000000 0.596436 0.016113 0.305176 0.014648 
0.067627 0.000732 0.000244 0.590820 0.015137 0.309814 0.015625 
0.067871 0.000977 0.000244 0.588379 0.012695 0.314209 0.015625 
0.067871 0.000732 0.000732 0.583496 0.011475 0.319824 0.015869 
0.067871 0.000977 0.000732 0.578857 0.010254 0.324707 0.016602 
0.067871 0.001221 0.000244 0.573975 0.009766 0.330078 0.016846 
0.067871 0.001465 0.000488 0.571289 0.008789 0.333008 0.017090 
0.067871 0.000732 0.001221 0.567627 0.008057 0.336182 0.018311 
0.067871 0.000488 0.001221 0.564697 0.008057 0.338623 0.019043 
0.067871 0.000732 0.000732 0.560059 0.008301 0.343262 0.019043 
0.068115 0.000488 0.000488 0.556885 0.007324 0.347412 0.019287 
0.068359 0.001221 0.000488 0.552979 0.006592 0.350830 0.019531 
0.068359 0.001709 0.000488 0.549316 0.006104 0.354248 0.019775 
0.068359 0.001709 0.000488 0.545654 0.006104 0.357666 0.020020 
0.068848 0.002197 0.000488 0.541748 0.004883 0.361084 0.020752 
0.068848 0.001709 0.000732 0.539307 0.004639 0.362793 0.021973 
0.068848 0.001465 0.000488 0.535645 0.004395 0.366455 0.022705 
0.069092 0.001709 0.000244 0.531738 0.003906 0.369873 0.023438 
0.069092 0.001709 0.000732 0.528076 0.003418 0.373291 0.023682 
0.069092 0.001221 0.001221 0.524658 0.003174 0.375977 0.024658 
0.069336 0.001709 0.001221 0.518555 0.003174 0.381104 0.024902 
