0.000000 0.099854 0.000000 0.000000 0.000000 0.900146 0.000000 
0.000000 0.097656 0.022705 0.005615 0.000000 0.874023 0.000000 
0.000000 0.105469 0.032959 0.013184 0.004395 0.843994 0.000000 
0.000000 0.117432 0.046143 0.023926 0.011475 0.801025 0.000000 
0.000000 0.134521 0.054688 0.037354 0.020264 0.753174 0.000000 
0.000000 0.153564 0.066895 0.053223 0.029053 0.697266 0.000000 
0.000000 0.164307 0.078613 0.072266 0.040771 0.644043 0.000000 
0.000977 0.180908 0.093994 0.088867 0.052246 0.583008 0.000000 
0.001953 0.187500 0.108643 0.114258 0.064209 0.523438 0.000000 
0.002441 0.190430 0.112305 0.140869 0.082275 0.471680 0.000000 
0.003906 0.184326 0.122803 0.166016 0.097412 0.425537 0.000000 
0.005615 0.176514 0.123535 0.194336 0.114258 0.385742 0.000000 
0.006348 0.166748 0.128662 0.225586 0.129150 0.343506 0.000000 
0.007324 0.157959 0.121826 0.255615 0.144531 0.312744 0.000000 
0.007568 0.151123 0.118652 0.283203 0.159424 0.280029 0.000000 
0.009033 0.137939 0.117920 0.306641 0.172607 0.255859 0.000000 
0.010010 0.126953 0.112061 0.333740 0.184814 0.232422 0.000000 
0.011719 0.114258 0.105713 0.356934 0.197021 0.214355 0.000000 
0.013672 0.104004 0.102539 0.382324 0.199707 0.197754 0.000000 
0.015625 0.094727 0.096680 0.407227 0.201904 0.183838 0.000000 
0.016846 0.084229 0.089355 0.429932 0.207275 0.172363 0.000000 
0.018066 0.078125 0.078613 0.455078 0.211182 0.158936 0.000000 
0.020264 0.070557 0.073486 0.475830 0.210449 0.149414 0.000000 
0.022217 0.060303 0.067383 0.499512 0.206299 0.144287 0.000000 
0.026123 0.051025 0.060547 0.520264 0.204102 0.137939 0.000000 
0.027832 0.044434 0.054688 0.535400 0.201416 0.136230 0.000000 
0.029541 0.038330 0.049805 0.551270 0.195801 0.135254 0.000000 
0.033203 0.030518 0.045166 0.566650 0.188477 0.135986 0.000000 
0.034424 0.024170 0.041016 0.580811 0.180664 0.138916 0.000000 
0.037109 0.021240 0.034668 0.594971 0.170898 0.141113 0.000000 
0.038818 0.017334 0.027588 0.605225 0.169434 0.141602 0.000000 
0.040771 0.015869 0.022949 0.614990 0.162354 0.143066 0.000000 
0.041748 0.014893 0.018799 0.622070 0.156982 0.145508 0.000000 
0.042969 0.012207 0.016602 0.628418 0.150391 0.149414 0.000000 
0.045166 0.010010 0.016113 0.636475 0.140381 0.151855 0.000000 
0.047119 0.009033 0.013184 0.643555 0.130371 0.156738 0.000000 
0.048828 0.008789 0.009766 0.647949 0.122559 0.159424 0.002686 
0.049805 0.007812 0.008057 0.653076 0.113281 0.164307 0.003662 
0.051025 0.006592 0.006836 0.656006 0.106934 0.168945 0.003662 
0.054199 0.004883 0.006104 0.657959 0.096924 0.176270 0.003662 
0.054688 0.004639 0.005371 0.659668 0.089355 0.182373 0.003906 
0.056152 0.003662 0.005371 0.660889 0.082520 0.187500 0.003906 
0.057617 0.002930 0.004883 0.661621 0.076904 0.191895 0.004150 
0.057861 0.002930 0.003418 0.659424 0.074463 0.197266 0.004639 
0.059570 0.003906 0.002441 0.658936 0.068115 0.202148 0.004883 
0.061035 0.003418 0.001709 0.656982 0.062256 0.209473 0.005127 
0.062012 0.002930 0.001953 0.657227 0.056152 0.214355 0.005371 
0.062744 0.002197 0.002441 0.652344 0.052734 0.221680 0.005859 
0.062988 0.001709 0.002686 0.648193 0.050049 0.228271 0.006104 
0.062988 0.001709 0.002441 0.646729 0.046875 0.232178 0.007080 
0.063232 0.000977 0.001953 0.644531 0.044189 0.237305 0.007812 
0.064209 0.001221 0.001709 0.645264 0.039551 0.239990 0.008057 
0.064453 0.000977 0.001465 0.644775 0.036621 0.242920 0.008789 
0.064697 0.000732 0.001221 0.640381 0.034180 0.249023 0.009766 
0.065430 0.000977 0.000732 0.638428 0.031982 0.252441 0.010010 
0.065674 0.001221 0.000244 0.636719 0.030518 0.254883 0.010742 
0.065918 0.000977 0.000244 0.635010 0.027100 0.259766 0.010986 
0.065918 0.000488 0.000244 0.633057 0.024170 0.264648 0.011475 
0.066406 0.000488 0.000244 0.628906 0.021484 0.270508 0.011963 
0.067139 0.000244 0.000488 0.625732 0.019043 0.274658 0.012695 
0.067383 0.000244 0.000488 0.623291 0.016846 0.279053 0.012695 
0.067871 0.000000 0.000488 0.618896 0.015381 0.284424 0.012939 
0.068115 0.000244 0.000488 0.614014 0.014404 0.289062 0.013672 
0.068115 0.000244 0.000488 0.609619 0.013672 0.293213 0.014648 
0.068115 0.000244 0.000244 0.609131 0.011963 0.295166 0.015137 
0.068115 0.000000 0.000488 0.602783 0.011475 0.301758 0.015381 
0.068115 0.000244 0.000244 0.596436 0.011230 0.308350 0.015381 
0.068115 0.000244 0.000244 0.592529 0.010742 0.312256 0.015869 
0.068359 0.000244 0.000000 0.589355 0.009277 0.315918 0.016846 
0.068359 0.000244 0.000244 0.583496 0.008057 0.322021 0.017578 
0.068604 0.000488 0.000244 0.579834 0.007812 0.325195 0.017822 
0.068604 0.000244 0.000488 0.575195 0.007568 0.330322 0.017578 
0.068604 0.000244 0.000488 0.571533 0.007324 0.334229 0.017578 
0.068604 0.000244 0.000244 0.566895 0.007324 0.338135 0.018555 
0.068604 0.000244 0.000000 0.562500 0.007080 0.342773 0.018799 
0.068848 0.000244 0.000244 0.559570 0.005615 0.345947 0.019531 
0.068848 0.000244 0.000244 0.555176 0.005371 0.349854 0.020264 
0.068848 0.000244 0.000000 0.552002 0.005371 0.352783 0.020752 
0.068848 0.000244 0.000244 0.546631 0.004883 0.358154 0.020996 
0.068848 0.000244 0.000244 0.541016 0.004639 0.363281 0.021729 
0.068848 0.000244 0.000244 0.538330 0.004150 0.365723 0.022461 
0.069092 0.000244 0.000244 0.533203 0.003662 0.370117 0.023438 
0.069092 0.000244 0.000000 0.529541 0.003906 0.372559 0.024658 
0.069092 0.000000 0.000488 0.524902 0.003662 0.377197 0.024658 
0.069092 0.000244 0.000488 0.520264 0.003662 0.380859 0.025391 
0.069092 0.000244 0.000488 0.515381 0.002930 0.385986 0.025879 
0.069092 0.000244 0.000000 0.510498 0.002686 0.390625 0.026855 
0.069092 0.000244 0.000244 0.505127 0.002686 0.395508 0.027100 
0.069092 0.000244 0.000244 0.499268 0.002441 0.400635 0.028076 
0.069092 0.000000 0.000244 0.494873 0.002197 0.405518 0.028076 
0.069092 0.000244 0.000244 0.490723 0.002197 0.409424 0.028076 
0.069092 0.000244 0.000244 0.486572 0.001953 0.413330 0.028564 
0.069092 0.000244 0.000244 0.483398 0.001953 0.416748 0.028320 
0.069092 0.000244 0.000244 0.480225 0.001953 0.418945 0.029297 
0.069092 0.000488 0.000244 0.477051 0.001953 0.421387 0.029785 
0.069092 0.000732 0.000244 0.472168 0.001953 0.425049 0.030762 
0.069092 0.000977 0.000000 0.467041 0.002197 0.429932 0.030762 
0.069092 0.001465 0.000244 0.463379 0.001953 0.433105 0.030762 
0.069092 0.000977 0.000488 0.459717 0.001953 0.436768 0.031006 
0.069092 0.000977 0.000488 0.455566 0.001709 0.439941 0.032227 
