0.000000 0.099854 0.000000 0.000000 0.000000 0.900146 0.000000 
0.000000 0.096680 0.018799 0.007568 0.000000 0.876953 0.000000 
0.000000 0.103760 0.031982 0.016602 0.004150 0.843506 0.000000 
0.000000 0.126221 0.043213 0.025879 0.009521 0.795166 0.000000 
0.000000 0.145508 0.059570 0.036133 0.016602 0.742188 0.000000 
0.000488 0.163086 0.076904 0.049316 0.024170 0.686035 0.000000 
0.000488 0.182373 0.085449 0.070068 0.037598 0.624023 0.000000 
0.000732 0.197998 0.107910 0.087646 0.050537 0.555176 0.000000 
0.001465 0.208740 0.119385 0.112549 0.066895 0.490967 0.000000 
0.001953 0.218994 0.132324 0.137207 0.085205 0.424316 0.000000 
0.003418 0.221191 0.140869 0.168213 0.103027 0.363281 0.000000 
0.004395 0.211670 0.148926 0.201904 0.119141 0.313965 0.000000 
0.005371 0.205322 0.145996 0.236572 0.140625 0.266113 0.000000 
0.006348 0.186523 0.144287 0.269287 0.160400 0.233154 0.000000 
0.007324 0.166016 0.144043 0.302979 0.176270 0.203369 0.000000 
0.010254 0.141846 0.141113 0.336182 0.187012 0.183594 0.000000 
0.012207 0.123535 0.127686 0.368896 0.203125 0.164551 0.000000 
0.013428 0.104492 0.118164 0.401367 0.213867 0.148682 0.000000 
0.016602 0.092773 0.103760 0.426758 0.223389 0.136719 0.000000 
0.019043 0.081787 0.089355 0.457275 0.223145 0.129395 0.000000 
0.020508 0.065186 0.089844 0.479980 0.219482 0.125000 0.000000 
0.022217 0.057617 0.080078 0.502441 0.217041 0.120605 0.000000 
0.024170 0.050293 0.066895 0.525635 0.216064 0.116943 0.000000 
0.026855 0.040283 0.058105 0.548584 0.210449 0.115723 0.000000 
0.028076 0.036865 0.049316 0.564697 0.206055 0.114990 0.000000 
0.031006 0.027832 0.044189 0.580322 0.199219 0.117432 0.000000 
0.033203 0.024170 0.039551 0.598145 0.186279 0.118652 0.000000 
0.035400 0.020508 0.029785 0.614746 0.179932 0.119629 0.000000 
0.036377 0.015625 0.027344 0.626709 0.172852 0.121094 0.000000 
0.037598 0.013184 0.023193 0.632812 0.167236 0.125977 0.000000 
0.038574 0.012695 0.020020 0.639648 0.160400 0.128662 0.000000 
0.040771 0.012207 0.015869 0.652344 0.149170 0.129639 0.000000 
0.041504 0.011719 0.012207 0.659668 0.141846 0.133057 0.000000 
0.042969 0.010254 0.010254 0.667236 0.133789 0.135498 0.000000 
0.043457 0.009766 0.008545 0.669434 0.127930 0.139160 0.001709 
0.045410 0.008545 0.008301 0.676025 0.115967 0.143555 0.002197 
0.046387 0.007324 0.008545 0.681641 0.107178 0.146240 0.002686 
0.048828 0.006104 0.008301 0.683838 0.099609 0.150879 0.002441 
0.050293 0.005859 0.008301 0.686523 0.091553 0.155029 0.002441 
0.051514 0.004639 0.007324 0.691650 0.083252 0.159180 0.002441 
0.052734 0.003906 0.005859 0.690674 0.079590 0.164551 0.002686 
0.053223 0.003662 0.004639 0.695068 0.073242 0.167480 0.002686 
0.053955 0.002930 0.003906 0.696289 0.068848 0.171143 0.002930 
0.054199 0.002197 0.003906 0.693848 0.064453 0.178467 0.002930 
0.055176 0.002686 0.002686 0.691895 0.060059 0.184326 0.003174 
0.055908 0.001953 0.002686 0.690430 0.055664 0.189941 0.003418 
0.056885 0.001221 0.002686 0.689941 0.051758 0.194092 0.003418 
0.057129 0.000977 0.002686 0.687988 0.047363 0.199707 0.004150 
0.057617 0.000732 0.001953 0.685059 0.044678 0.205322 0.004639 
0.058350 0.000732 0.001465 0.682373 0.041260 0.210938 0.004883 
0.058350 0.000732 0.001465 0.680176 0.037842 0.215820 0.005615 
0.058350 0.000732 0.001221 0.676514 0.035156 0.221680 0.006348 
0.059326 0.000977 0.000977 0.669434 0.031494 0.231445 0.006348 
0.059814 0.000977 0.000977 0.665771 0.028564 0.237305 0.006592 
0.060059 0.000488 0.001221 0.664062 0.024902 0.241699 0.007568 
0.060303 0.000488 0.000488 0.662109 0.022705 0.246094 0.007812 
0.060303 0.000488 0.000488 0.658691 0.021973 0.249023 0.009033 
0.060547 0.000488 0.000732 0.654541 0.020264 0.253662 0.009766 
0.061035 0.000000 0.001221 0.648926 0.018066 0.260498 0.010254 
0.061279 0.000244 0.000977 0.644287 0.016846 0.265625 0.010742 
0.061279 0.000244 0.000977 0.641846 0.015137 0.268311 0.012207 
0.061523 0.000244 0.000732 0.639648 0.014648 0.270752 0.012451 
0.061523 0.000488 0.000488 0.635498 0.013916 0.275391 0.012695 
0.061768 0.000244 0.000732 0.630859 0.012451 0.280518 0.013428 
0.061768 0.000000 0.000488 0.626221 0.012207 0.285156 0.014160 
0.061768 0.000244 0.000488 0.622070 0.011475 0.289307 0.014648 
0.061768 0.000244 0.000732 0.617188 0.011475 0.292725 0.015869 
0.062012 0.000244 0.000244 0.613281 0.010742 0.296387 0.017090 
0.062012 0.000244 0.000000 0.611084 0.009766 0.299805 0.017090 
0.062012 0.000000 0.000488 0.606201 0.008545 0.304688 0.018066 
0.062012 0.000244 0.000488 0.600586 0.008301 0.310059 0.018311 
0.062012 0.000244 0.000488 0.594727 0.008057 0.314941 0.019531 
0.062012 0.000488 0.000488 0.589111 0.007812 0.320312 0.019775 
0.062500 0.000732 0.000488 0.584961 0.007080 0.324219 0.020020 
0.062744 0.000488 0.000732 0.582031 0.006592 0.327393 0.020020 
0.062744 0.000244 0.000732 0.578613 0.006592 0.330078 0.020996 
0.062744 0.000244 0.000488 0.574463 0.006592 0.333740 0.021729 
0.062744 0.000244 0.000488 0.569824 0.006348 0.338867 0.021484 
0.062744 0.000244 0.000732 0.565674 0.005859 0.342529 0.022217 
0.062744 0.000488 0.000732 0.561279 0.006104 0.345947 0.022705 
0.062744 0.000488 0.000977 0.557617 0.005615 0.349609 0.022949 
0.062744 0.000732 0.000488 0.553467 0.005859 0.353516 0.023193 
0.062744 0.000732 0.000732 0.551514 0.004639 0.355469 0.024170 
0.062744 0.000488 0.000732 0.547363 0.004639 0.359619 0.024414 
0.062744 0.001221 0.000732 0.543457 0.004150 0.362793 0.024902 
0.062744 0.001465 0.000732 0.537842 0.003662 0.368164 0.025391 
0.062988 0.001221 0.001465 0.533447 0.003174 0.371582 0.026123 
0.062988 0.000977 0.000732 0.529297 0.002930 0.376709 0.026367 
0.062988 0.001221 0.000732 0.524170 0.002930 0.382080 0.025879 
0.062988 0.000732 0.001221 0.520508 0.002930 0.384521 0.027100 
0.062988 0.000977 0.001221 0.515869 0.002930 0.387451 0.028564 
0.062988 0.001221 0.001221 0.511230 0.003174 0.391602 0.028564 
0.063232 0.000977 0.001465 0.510254 0.002197 0.392822 0.029053 
0.063232 0.000732 0.001465 0.506592 0.002197 0.395508 0.030273 
0.063232 0.000488 0.001465 0.501221 0.002441 0.400146 0.031006 
0.063232 0.000244 0.001221 0.498535 0.002686 0.402588 0.031494 
0.063232 0.000488 0.001221 0.493408 0.002441 0.406494 0.032715 
0.063232 0.000488 0.001221 0.489990 0.002441 0.409912 0.032715 
0.063232 0.000732 0.000977 0.486572 0.002686 0.412109 0.033691 
0.063232 0.000488 0.000977 0.483154 0.002686 0.415527 0.033936 
