0.000000 0.099976 0.000000 0.000000 0.000000 0.900024 0.000000 
0.000000 0.107300 0.018677 0.006714 0.000000 0.867310 0.000000 
0.000000 0.120117 0.036255 0.015259 0.003906 0.824463 0.000000 
0.000122 0.137207 0.051758 0.026001 0.010864 0.774048 0.000000 
0.000366 0.156128 0.070312 0.038940 0.019409 0.714844 0.000000 
0.000610 0.181519 0.084106 0.056641 0.029175 0.647949 0.000000 
0.000977 0.202881 0.096558 0.077759 0.044312 0.577515 0.000000 
0.001221 0.222168 0.114624 0.098755 0.058350 0.504883 0.000000 
0.001587 0.227905 0.128540 0.126465 0.077637 0.437866 0.000000 
0.003418 0.232056 0.132812 0.157227 0.099365 0.375122 0.000000 
0.004150 0.220581 0.143677 0.190308 0.116821 0.324463 0.000000 
0.005859 0.204346 0.149780 0.222778 0.137451 0.279785 0.000000 
0.006958 0.187256 0.147827 0.255981 0.156372 0.245605 0.000000 
0.008057 0.168701 0.146851 0.288330 0.172852 0.215210 0.000000 
0.009521 0.147217 0.142456 0.321411 0.189087 0.190308 0.000000 
0.011108 0.128906 0.131958 0.350708 0.206665 0.170654 0.000000 
0.013306 0.112915 0.124512 0.378174 0.217285 0.153809 0.000000 
0.015259 0.095825 0.116943 0.405151 0.224121 0.142700 0.000000 
0.017334 0.080078 0.107544 0.431152 0.229736 0.134155 0.000000 
0.019287 0.069092 0.094971 0.455322 0.232666 0.128662 0.000000 
0.022217 0.058594 0.082031 0.481567 0.230835 0.124756 0.000000 
0.024780 0.049805 0.071777 0.503662 0.228882 0.121094 0.000000 
0.026855 0.040771 0.060425 0.526489 0.224731 0.120728 0.000000 
0.028931 0.034058 0.051270 0.546143 0.218506 0.121094 0.000000 
0.031738 0.027710 0.044434 0.561035 0.212891 0.122192 0.000000 
0.033447 0.023560 0.039429 0.575195 0.204468 0.123901 0.000000 
0.035400 0.021484 0.033813 0.589233 0.197021 0.123047 0.000000 
0.038086 0.017334 0.030396 0.601929 0.186279 0.125977 0.000000 
0.039307 0.013672 0.024536 0.613647 0.179199 0.129639 0.000000 
0.042114 0.012695 0.020752 0.621460 0.169556 0.133423 0.000000 
0.043701 0.011108 0.017700 0.629517 0.160400 0.137573 0.000000 
0.044678 0.008911 0.015137 0.638062 0.151611 0.141602 0.000000 
0.046875 0.007202 0.014038 0.646118 0.140381 0.145386 0.000000 
0.047729 0.005737 0.011353 0.651855 0.132446 0.148926 0.001953 
0.048706 0.005249 0.009155 0.657715 0.123169 0.153809 0.002197 
0.049072 0.004150 0.007690 0.662354 0.115234 0.158813 0.002686 
0.049805 0.003906 0.005615 0.667236 0.107788 0.162720 0.002930 
0.050903 0.003540 0.005249 0.671021 0.100464 0.165771 0.003052 
0.052002 0.003296 0.004639 0.672852 0.093384 0.170410 0.003418 
0.052368 0.002930 0.003784 0.674561 0.087891 0.174927 0.003540 
0.053711 0.002319 0.002441 0.675903 0.081665 0.180176 0.003784 
0.054565 0.002075 0.002319 0.677979 0.074219 0.184326 0.004517 
0.054688 0.001831 0.002197 0.675659 0.070190 0.190674 0.004761 
0.055054 0.001831 0.001953 0.674316 0.064209 0.197510 0.005127 
0.055786 0.001831 0.001099 0.672729 0.060547 0.202637 0.005371 
0.056274 0.001587 0.001099 0.672485 0.056152 0.206543 0.005859 
0.057129 0.001221 0.001709 0.670410 0.051270 0.212402 0.005859 
0.057861 0.000854 0.001953 0.668457 0.046387 0.218506 0.005981 
0.058472 0.000977 0.001587 0.666626 0.042114 0.223755 0.006470 
0.059082 0.000977 0.001465 0.665771 0.038086 0.227295 0.007324 
0.059082 0.001343 0.001099 0.663452 0.036133 0.230957 0.007935 
0.059448 0.000977 0.001343 0.659424 0.033569 0.236938 0.008301 
0.060059 0.000488 0.001465 0.656372 0.030762 0.242310 0.008545 
0.060303 0.000977 0.001221 0.654297 0.028809 0.245117 0.009277 
0.060547 0.000854 0.000977 0.651855 0.026489 0.249756 0.009521 
0.061157 0.000854 0.000488 0.646973 0.024292 0.256104 0.010132 
0.061279 0.000732 0.000366 0.642212 0.023315 0.261475 0.010620 
0.061401 0.000366 0.000488 0.638184 0.021240 0.267456 0.010864 
0.061523 0.000244 0.000366 0.632202 0.020142 0.274048 0.011475 
0.061768 0.000244 0.000244 0.629272 0.018677 0.277466 0.012329 
0.061890 0.000244 0.000122 0.625122 0.017212 0.282959 0.012451 
0.062012 0.000366 0.000000 0.622070 0.016357 0.286621 0.012573 
0.062012 0.000366 0.000122 0.618042 0.015137 0.291504 0.012817 
0.062012 0.000244 0.000122 0.614746 0.014526 0.294800 0.013550 
0.062012 0.000122 0.000244 0.611084 0.013672 0.298706 0.014160 
0.062256 0.000366 0.000244 0.606201 0.012207 0.304199 0.014526 
0.062378 0.000244 0.000244 0.601562 0.011230 0.309570 0.014771 
0.062500 0.000244 0.000366 0.596558 0.010010 0.315552 0.014771 
0.062500 0.000366 0.000122 0.593018 0.009155 0.319458 0.015381 
0.062500 0.000488 0.000122 0.588867 0.008545 0.323730 0.015747 
0.062500 0.000366 0.000244 0.584717 0.008057 0.328125 0.015991 
0.062622 0.000244 0.000122 0.582153 0.007690 0.330444 0.016724 
0.062744 0.000244 0.000122 0.577393 0.006958 0.335571 0.016968 
0.062744 0.000244 0.000122 0.573608 0.006470 0.339111 0.017700 
0.062988 0.000244 0.000000 0.570312 0.005859 0.342651 0.017944 
0.063110 0.000122 0.000244 0.565918 0.005249 0.347046 0.018311 
0.063110 0.000000 0.000366 0.561523 0.004761 0.350830 0.019409 
0.063110 0.000244 0.000244 0.558228 0.004028 0.354126 0.020020 
0.063110 0.000366 0.000244 0.553955 0.003784 0.358398 0.020142 
0.063110 0.000366 0.000000 0.549683 0.003906 0.362549 0.020386 
0.063232 0.000122 0.000366 0.545288 0.003418 0.366211 0.021362 
0.063232 0.000244 0.000366 0.541138 0.003174 0.369995 0.021851 
0.063232 0.000244 0.000244 0.536743 0.003296 0.373779 0.022461 
0.063354 0.000244 0.000244 0.532104 0.003052 0.378662 0.022339 
0.063354 0.000244 0.000366 0.528198 0.002930 0.381226 0.023682 
0.063354 0.000000 0.000488 0.523560 0.002563 0.385620 0.024414 
0.063354 0.000244 0.000488 0.520264 0.002075 0.388794 0.024780 
0.063354 0.000244 0.000488 0.516113 0.001953 0.393066 0.024780 
0.063354 0.000366 0.000488 0.513062 0.001831 0.395020 0.025879 
0.063354 0.000244 0.000610 0.509277 0.001831 0.398071 0.026611 
0.063477 0.000366 0.000366 0.505005 0.001953 0.401733 0.027100 
0.063599 0.000488 0.000122 0.500977 0.001709 0.405518 0.027588 
0.063599 0.000610 0.000122 0.496094 0.001587 0.409790 0.028198 
0.063599 0.000610 0.000244 0.493896 0.001099 0.411865 0.028687 
0.063599 0.000732 0.000366 0.491333 0.000977 0.413574 0.029419 
0.063599 0.000610 0.000610 0.486938 0.000977 0.417358 0.029907 
0.063599 0.000488 0.000610 0.482788 0.000732 0.421753 0.030029 
0.063599 0.000488 0.000732 0.479370 0.000732 0.424316 0.030762 
0.063599 0.000977 0.000488 0.474854 0.000854 0.427734 0.031494 
0.063599 0.000732 0.000854 0.469727 0.000977 0.432373 0.031738 
