0.000000 0.099854 0.000000 0.000000 0.000000 0.900146 0.000000 
0.000000 0.097900 0.020264 0.006836 0.000000 0.875000 0.000000 
0.000000 0.096680 0.035400 0.016846 0.003418 0.847656 0.000000 
0.000000 0.108398 0.044922 0.025635 0.008789 0.812256 0.000000 
0.000000 0.121094 0.056396 0.035645 0.016846 0.770020 0.000000 
0.000244 0.142822 0.065918 0.049805 0.025635 0.715576 0.000000 
0.000488 0.160645 0.075928 0.067383 0.035889 0.659668 0.000000 
0.000977 0.173340 0.093018 0.084717 0.047119 0.600830 0.000000 
0.001465 0.190674 0.108887 0.102295 0.059814 0.536865 0.000000 
0.001465 0.200684 0.113770 0.127930 0.077637 0.478516 0.000000 
0.002441 0.201416 0.127441 0.153809 0.091797 0.423096 0.000000 
0.002930 0.192383 0.138184 0.181885 0.110107 0.374512 0.000000 
0.003418 0.189941 0.136719 0.208496 0.133301 0.328125 0.000000 
0.004883 0.180664 0.143066 0.237061 0.147461 0.286865 0.000000 
0.006592 0.164062 0.141846 0.269775 0.161621 0.256104 0.000000 
0.007568 0.159180 0.133789 0.298584 0.177734 0.223145 0.000000 
0.009521 0.143555 0.131836 0.329590 0.187256 0.198242 0.000000 
0.011230 0.124023 0.128418 0.365723 0.193115 0.177490 0.000000 
0.012451 0.114746 0.117188 0.393555 0.199707 0.162354 0.000000 
0.013916 0.096680 0.103516 0.419434 0.211426 0.155029 0.000000 
0.016113 0.081299 0.094971 0.451416 0.210449 0.145752 0.000000 
0.018555 0.070801 0.085693 0.471436 0.214355 0.139160 0.000000 
0.020996 0.061279 0.078613 0.498535 0.208252 0.132324 0.000000 
0.023438 0.049805 0.071045 0.520996 0.205566 0.129150 0.000000 
0.025879 0.043213 0.058838 0.543213 0.202637 0.126221 0.000000 
0.027832 0.034912 0.049072 0.565430 0.196533 0.126221 0.000000 
0.029297 0.030273 0.041504 0.581055 0.191650 0.126221 0.000000 
0.031250 0.026367 0.033447 0.590576 0.189453 0.128906 0.000000 
0.032715 0.023926 0.029297 0.600098 0.183350 0.130615 0.000000 
0.034668 0.020996 0.025879 0.610596 0.174561 0.133301 0.000000 
0.036621 0.017822 0.022461 0.624512 0.163574 0.135010 0.000000 
0.038086 0.015137 0.018066 0.635254 0.155273 0.138184 0.000000 
0.039795 0.009277 0.017822 0.645996 0.144775 0.142334 0.000000 
0.040527 0.007812 0.013916 0.652588 0.138184 0.146973 0.000000 
0.041260 0.005859 0.011963 0.657227 0.130127 0.153564 0.000000 
0.041504 0.004883 0.009033 0.660645 0.125000 0.156738 0.002197 
0.042969 0.004639 0.006348 0.664062 0.116943 0.161865 0.003174 
0.044922 0.004150 0.004883 0.670166 0.107666 0.165039 0.003174 
0.046143 0.004395 0.004639 0.671875 0.100098 0.169678 0.003174 
0.047119 0.003662 0.004150 0.680420 0.088379 0.173096 0.003174 
0.047852 0.003906 0.003906 0.683594 0.081055 0.176514 0.003174 
0.048096 0.002930 0.003418 0.684814 0.074707 0.182617 0.003418 
0.049072 0.002197 0.002441 0.687012 0.069824 0.185303 0.004150 
0.049561 0.001465 0.002686 0.685303 0.065186 0.191162 0.004639 
0.050049 0.001709 0.002197 0.683350 0.061523 0.196777 0.004395 
0.050537 0.001953 0.001465 0.679199 0.058350 0.203613 0.004883 
0.050781 0.001709 0.001465 0.677246 0.053955 0.209229 0.005615 
0.050781 0.000977 0.001465 0.676270 0.052246 0.211914 0.006348 
0.050781 0.000488 0.001953 0.675537 0.046875 0.217529 0.006836 
0.051270 0.000488 0.001221 0.676025 0.043213 0.219971 0.007812 
0.051758 0.000488 0.000732 0.672852 0.040283 0.226074 0.007812 
0.052002 0.000244 0.000488 0.669434 0.037109 0.232178 0.008545 
0.052490 0.000244 0.000488 0.667969 0.033447 0.236816 0.008545 
0.053467 0.000488 0.000488 0.664551 0.030762 0.241699 0.008545 
0.053467 0.000244 0.000732 0.661865 0.027832 0.246826 0.009033 
0.053467 0.000244 0.000732 0.656494 0.025635 0.253906 0.009521 
0.053711 0.000244 0.000977 0.652588 0.023926 0.259033 0.009521 
0.053711 0.000244 0.000977 0.651123 0.020996 0.262939 0.010010 
0.054199 0.000244 0.000732 0.646729 0.019043 0.268311 0.010742 
0.054199 0.000244 0.000488 0.642822 0.017578 0.273438 0.011230 
0.054199 0.000000 0.000732 0.637451 0.015869 0.280273 0.011475 
0.054443 0.000244 0.000732 0.631836 0.013916 0.286377 0.012451 
0.054443 0.000244 0.000488 0.625977 0.013428 0.292725 0.012695 
0.054932 0.000244 0.000244 0.622559 0.012451 0.295898 0.013672 
0.054932 0.000000 0.000488 0.617676 0.011475 0.301758 0.013672 
0.054932 0.000244 0.000244 0.610840 0.010986 0.308350 0.014404 
0.054932 0.000244 0.000244 0.607666 0.010010 0.312500 0.014404 
0.054932 0.000244 0.000244 0.601318 0.009766 0.318604 0.014893 
0.054932 0.000000 0.000488 0.597412 0.009277 0.321777 0.016113 
0.055176 0.000244 0.000488 0.593262 0.008545 0.325439 0.016846 
0.055176 0.000000 0.000488 0.588135 0.008301 0.329590 0.018311 
0.055176 0.000244 0.000244 0.581787 0.008545 0.334473 0.019531 
0.055176 0.000000 0.000488 0.578369 0.008301 0.337646 0.020020 
0.055176 0.000244 0.000488 0.572266 0.008057 0.342529 0.021240 
0.055176 0.000732 0.000488 0.566162 0.008057 0.347168 0.022217 
0.055176 0.000488 0.000488 0.561768 0.008057 0.352783 0.021240 
0.055176 0.000488 0.000488 0.558838 0.007080 0.355957 0.021973 
0.055176 0.000488 0.000488 0.556641 0.006592 0.358643 0.021973 
0.055420 0.000000 0.000244 0.554932 0.005859 0.361084 0.022461 
0.055420 0.000244 0.000000 0.548828 0.005859 0.366455 0.023193 
0.055664 0.000244 0.000244 0.544678 0.005371 0.369873 0.023926 
0.055664 0.000244 0.000244 0.540527 0.004395 0.374512 0.024414 
0.055664 0.000244 0.000244 0.535400 0.004395 0.378906 0.025146 
0.055664 0.000000 0.000488 0.531738 0.004150 0.382812 0.025146 
0.055664 0.000244 0.000244 0.528564 0.003906 0.385742 0.025635 
0.055664 0.000244 0.000244 0.524170 0.003906 0.389160 0.026611 
0.055664 0.000244 0.000244 0.522217 0.003174 0.392090 0.026367 
0.055664 0.000488 0.000244 0.518311 0.003174 0.395020 0.027100 
0.055908 0.000000 0.000488 0.515137 0.002441 0.398193 0.027832 
0.055908 0.000244 0.000244 0.510986 0.002686 0.401367 0.028564 
0.056152 0.000000 0.000244 0.508057 0.001709 0.405029 0.028809 
0.056396 0.000244 0.000244 0.504150 0.001465 0.408203 0.029297 
0.056396 0.000000 0.000488 0.501221 0.001221 0.411377 0.029297 
0.056396 0.000244 0.000244 0.496826 0.001221 0.416260 0.028809 
0.056396 0.000244 0.000488 0.492432 0.001221 0.420410 0.028809 
0.056396 0.000244 0.000488 0.487305 0.001221 0.424805 0.029541 
0.056396 0.000244 0.000488 0.485107 0.001221 0.425781 0.030762 
0.056396 0.000000 0.000488 0.481445 0.001221 0.429199 0.031250 
0.056396 0.000244 0.000488 0.477783 0.001221 0.432129 0.031738 
0.056396 0.000000 0.000488 0.474365 0.001465 0.434326 0.032959 
